tensor([-0.2495, -0.2315,  1.4548,  0.9248, -0.7835,  0.0181,  0.3983,  1.3895,
         0.1563, -0.0976,  0.0691,  0.1160, -0.2989, -0.2619,  0.1581, -0.1656,
        -0.5008, -0.0526, -0.8693, -0.9028,  2.1064, -0.7257,  0.0942, -0.7443])
tensor([[ 0.3962, -2.2956,  0.0703, -1.5730,  1.8246,  2.0865, -1.6102, -3.0101],
        [-0.9394, -0.7932, -0.3240, -0.4365,  2.0538, -2.5645, -2.9341,  1.5340],
        [-0.2325,  1.1074,  0.9592, -1.3646, -1.4031,  2.8553, -0.3602,  2.4866],
        [-0.2581, -1.3379,  0.5581, -0.4807,  3.0452, -2.5801,  2.8112, -0.9312],
        [ 1.4869, -0.8379,  0.6609, -1.8896, -3.4062, -2.0527,  0.1880, -2.0737],
        [-0.5798,  0.9231, -4.5148,  1.0786, -1.2067, -1.5220,  1.7792,  0.5410],
        [-1.1847, -1.3433,  1.1789,  4.1527, -2.6108, -0.9926,  0.8608,  0.5907],
        [ 1.3547,  2.4987, -0.5856,  2.2335,  1.1063,  0.1047, -2.0016,  1.3051]])
tensor([ 0.6840, -0.6261,  0.3368, -0.9524, -0.4204,  0.0955, -0.1024,  0.0641])
